0000000001100100
0000000000000001
0000000000000001
0000000000000001
0000000000000001
0000000000000001
0000000000000001
0000000000000001
0000000000000000
0000000000000100
0000000000000001
0000000000000010
0000000001010101
0000000001111101
0000000001111101
0000000000000011
0000000000000000
0000000000000000
0000000000000000
0000000000000000
0000000000000000
0000000000000000
0000000000000000
0000000000000000
0000000000000000
0000000000000000
0000000000000000
0000000000000000
0000000000000000
0000000000000000
0000000000000000
0000000000000000
0000000000000001
0000000000000001
0000000000000001
0000000000000001
0000000000000001
0000000000000001
0000000000000001
0000000000000001
0000000000000000
0000000000000001
0000000000000001
0000000000000010
0000000000001000
0000000000001010
0000000001111000
0000000000000000
0000000000000000
0000000000000001
0000000000000001
0000000000000010
0000000000001000
0000000000001010
0000000000000000
0000000000000000
0000000001010101
0000000001010101
0000000000110111
0000000000000010
0000000000000011
0000000000000000
0000000000000000
0000000000000000
0000000000000000
0000000000000000
0000000000000000
0000000000000000
0000000000000000
0000000000000000
0000000000000000
0000000000000000
0000000000000000
0000000000000000
0000000000000000
0000000000000000
0000000000000000
0000000000000000
0000000000000001
0000000000000001
0000000001010101
0000000001000001
0000000001000001
0000000000000011
0000000000000000
0000000000000000
0000000000000000
0000000000000000
0000000000000000
0000000000000000
0000000000000000
0000000000000000
0000000000000000
0000000000000000
0000000000000000
0000000000000000
0000000000000000
0000000000000000
0000000000000000
0000000000000000
0000000000000000
0000000000000010
0000000000000001
0000000001010101
0000000000001111
0000000000001111
0000000000000011
0000000000000000
0000000000000000
0000000000000000
0000000000000000
0000000000000000
0000000000000000
0000000000000000
0000000000000000
0000000000000000
0000000000000000
0000000000000000
0000000000000000
0000000000000000
0000000000000000
0000000000000000
0000000000000000
0000000000000000
0000000000000011
0000000000000001
0000000001010101
0000000001110011
0000000001110011
0000000000000011
0000000000000000
0000000000000010
0000000000000000
0000000000000010
0000000000000000
0000000000000010
0000000000000000
0000000000000010
0000000000000000
0000000000000010
0000000000000000
0000000000000010
0000000000000000
0000000000000010
0000000000000000
0000000000000010
0000000001100100
0000000000000001
0000000000000001
0000000000000001
0000000000000001
0000000000000001
0000000000000001
0000000000000001
0000000000000000
0000000000000100
0000000000000001
0000000000000010
0000000001010101
0000000001111101
0000000001111101
0000000000000011
0000000000000000
0000000000000000
0000000000000000
0000000000000000
0000000000000000
0000000000000000
0000000000000000
0000000000000000
0000000000000000
0000000000000000
0000000000000000
0000000000000000
0000000000000000
0000000000000000
0000000000000000
0000000000000000
0000000000000001
0000000000000001
0000000000000001
0000000000000001
0000000000000001
0000000000000001
0000000000000001
0000000000000001
0000000000000000
0000000000000001
0000000000000001
0000000000000010
0000000000001000
0000000000001010
0000000001111000
0000000000000000
0000000000000000
0000000000000001
0000000000000001
0000000000000010
0000000000001000
0000000000001010
0000000000000000
0000000000000000
0000000001010101
0000000001010101
0000000000110111
0000000000000010
0000000000000011
0000000000000000
0000000000000000
0000000000000000
0000000000000000
0000000000000000
0000000000000000
0000000000000000
0000000000000000
0000000000000000
0000000000000000
0000000000000000
0000000000000000
0000000000000000
0000000000000000
0000000000000000
0000000000000000
0000000000000000
0000000000000001
0000000000000001
0000000001010101
0000000001000001
0000000001000001
0000000000000011
0000000000000000
0000000000000000
0000000000000000
0000000000000000
0000000000000000
0000000000000000
0000000000000000
0000000000000000
0000000000000000
0000000000000000
0000000000000000
0000000000000000
0000000000000000
0000000000000000
0000000000000000
0000000000000000
0000000000000000
0000000000000010
0000000000000001
0000000001010101
0000000000001111
0000000000001111
0000000000000011
0000000000000000
0000000000000000
0000000000000000
0000000000000000
0000000000000000
0000000000000000
0000000000000000
0000000000000000
0000000000000000
0000000000000000
0000000000000000
0000000000000000
0000000000000000
0000000000000000
0000000000000000
0000000000000000
0000000000000000
0000000000000011
0000000000000001
0000000001010101
0000000001110011
0000000001110011
0000000000000011
0000000000000000
0000000000000010
0000000000000000
0000000000000010
0000000000000000
0000000000000010
0000000000000000
0000000000000010
0000000000000000
0000000000000010
0000000000000000
0000000000000010
0000000000000000
0000000000000010
0000000000000000
0000000000000010
0000000001100100
0000000000000001
0000000000000001
0000000000000001
0000000000000001
0000000000000001
0000000000000001
0000000000000001
0000000000000000
0000000000000100
0000000000000001
0000000000000010
0000000001010101
0000000001111101
0000000001111101
0000000000000011
0000000000000000
0000000000000000
0000000000000000
0000000000000000
0000000000000000
0000000000000000
0000000000000000
0000000000000000
0000000000000000
0000000000000000
0000000000000000
0000000000000000
0000000000000000
0000000000000000
0000000000000000
0000000000000000
0000000000000001
0000000000000001
0000000000000001
0000000000000001
0000000000000001
0000000000000001
0000000000000001
0000000000000001
0000000000000000
0000000000000001
0000000000000001
0000000000000010
0000000000001000
0000000000001010
0000000001111000
0000000000000000
0000000000000000
0000000000000001
0000000000000001
0000000000000010
0000000000001000
0000000000001010
0000000000000000
0000000000000000
0000000001010101
0000000001010101
0000000000110111
0000000000000010
0000000000000011
0000000000000000
0000000000000000
0000000000000000
0000000000000000
0000000000000000
0000000000000000
0000000000000000
0000000000000000
0000000000000000
0000000000000000
0000000000000000
0000000000000000
0000000000000000
0000000000000000
0000000000000000
0000000000000000
0000000000000000
0000000000000001
0000000000000001
0000000001010101
0000000001000001
0000000001000001
0000000000000011
0000000000000000
0000000000000000
0000000000000000
0000000000000000
0000000000000000
0000000000000000
0000000000000000
0000000000000000
0000000000000000
0000000000000000
0000000000000000
0000000000000000
0000000000000000
0000000000000000
0000000000000000
0000000000000000
0000000000000000
0000000000000010
0000000000000001
0000000001010101
0000000000001111
0000000000001111
0000000000000011
0000000000000000
0000000000000000
0000000000000000
0000000000000000
0000000000000000
0000000000000000
0000000000000000
0000000000000000
0000000000000000
0000000000000000
0000000000000000
0000000000000000
0000000000000000
0000000000000000
0000000000000000
0000000000000000
0000000000000000
0000000000000011
0000000000000001
0000000001010101
0000000001110011
0000000001110011
0000000000000011
0000000000000000
0000000000000010
0000000000000000
0000000000000010
0000000000000000
0000000000000010
0000000000000000
0000000000000010
0000000000000000
0000000000000010
0000000000000000
0000000000000010
0000000000000000
0000000000000010
0000000000000000
0000000000000010
0000000001100100
0000000000000001
0000000000000001
0000000000000001
0000000000000001
0000000000000001
0000000000000001
0000000000000001
0000000000000000
0000000000000100
0000000000000001
0000000000000010
0000000001010101
0000000001111101
0000000001111101
0000000000000011
0000000000000000
0000000000000000
0000000000000000
0000000000000000
0000000000000000
0000000000000000
0000000000000000
0000000000000000
0000000000000000
0000000000000000
0000000000000000
0000000000000000
0000000000000000
0000000000000000
0000000000000000
0000000000000000
0000000000000001
0000000000000001
0000000000000001
0000000000000001
0000000000000001
0000000000000001
0000000000000001
0000000000000001
0000000000000000
0000000000000001
0000000000000001
0000000000000010
0000000000001000
0000000000001010
0000000001111000
0000000000000000
0000000000000000
0000000000000001
0000000000000001
0000000000000010
0000000000001000
0000000000001010
0000000000000000
0000000000000000
0000000001010101
0000000001010101
0000000000110111
0000000000000010
0000000000000011
0000000000000000
0000000000000000
0000000000000000
0000000000000000
0000000000000000
0000000000000000
0000000000000000
0000000000000000
0000000000000000
0000000000000000
0000000000000000
0000000000000000
0000000000000000
0000000000000000
0000000000000000
0000000000000000
0000000000000000
0000000000000001
0000000000000001
0000000001010101
0000000001000001
0000000001000001
0000000000000011
0000000000000000
0000000000000000
0000000000000000
0000000000000000
0000000000000000
0000000000000000
0000000000000000
0000000000000000
0000000000000000
0000000000000000
0000000000000000
0000000000000000
0000000000000000
0000000000000000
0000000000000000
0000000000000000
0000000000000000
0000000000000010
0000000000000001
0000000001010101
0000000000001111
0000000000001111
0000000000000011
0000000000000000
0000000000000000
0000000000000000
0000000000000000
0000000000000000
0000000000000000
0000000000000000
0000000000000000
0000000000000000
0000000000000000
0000000000000000
0000000000000000
0000000000000000
0000000000000000
0000000000000000
0000000000000000
0000000000000000
0000000000000011
0000000000000001
0000000001010101
0000000001110011
0000000001110011
0000000000000011
0000000000000000
0000000000000010
0000000000000000
0000000000000010
0000000000000000
0000000000000010
0000000000000000
0000000000000010
0000000000000000
0000000000000010
0000000000000000
0000000000000010
0000000000000000
0000000000000010
0000000000000000
0000000000000010
0000000001100100
0000000000000001
0000000000000001
0000000000000001
0000000000000001
0000000000000001
0000000000000001
0000000000000001
0000000000000000
0000000000000100
0000000000000001
0000000000000010
0000000001010101
0000000001111101
0000000001111101
0000000000000011
0000000000000000
0000000000000000
0000000000000000
0000000000000000
0000000000000000
0000000000000000
0000000000000000
0000000000000000
0000000000000000
0000000000000000
0000000000000000
0000000000000000
0000000000000000
0000000000000000
0000000000000000
0000000000000000
0000000000000001
0000000000000001
0000000000000001
0000000000000001
0000000000000001
0000000000000001
0000000000000001
0000000000000001
0000000000000000
0000000000000001
0000000000000001
0000000000000010
0000000000001000
0000000000001010
0000000001111000
0000000000000000
0000000000000000
0000000000000001
0000000000000001
0000000000000010
0000000000001000
0000000000001010
0000000000000000
0000000000000000
0000000001010101
0000000001010101
0000000000110111
0000000000000010
0000000000000011
0000000000000000
0000000000000000
0000000000000000
0000000000000000
0000000000000000
0000000000000000
0000000000000000
0000000000000000
0000000000000000
0000000000000000
0000000000000000
0000000000000000
0000000000000000
0000000000000000
0000000000000000
0000000000000000
0000000000000000
0000000000000001
0000000000000001
0000000001010101
0000000001000001
0000000001000001
0000000000000011
0000000000000000
0000000000000000
0000000000000000
0000000000000000
0000000000000000
0000000000000000
0000000000000000
0000000000000000
0000000000000000
0000000000000000
0000000000000000
0000000000000000
0000000000000000
0000000000000000
0000000000000000
0000000000000000
0000000000000000
0000000000000010
0000000000000001
0000000001010101
0000000000001111
0000000000001111
0000000000000011
0000000000000000
0000000000000000
0000000000000000
0000000000000000
0000000000000000
0000000000000000
0000000000000000
0000000000000000
0000000000000000
0000000000000000
0000000000000000
0000000000000000
0000000000000000
0000000000000000
0000000000000000
0000000000000000
0000000000000000
0000000000000011
0000000000000001
0000000001010101
0000000001110011
0000000001110011
0000000000000011
0000000000000000
0000000000000010
0000000000000000
0000000000000010
0000000000000000
0000000000000010
0000000000000000
0000000000000010
0000000000000000
0000000000000010
0000000000000000
0000000000000010
0000000000000000
0000000000000010
0000000000000000
0000000000000010
